[gd_scene load_steps=13 format=3 uid="uid://d3n3e4vjd3syp"]

[ext_resource type="PackedScene" uid="uid://crj37bo36phwd" path="res://rooms.tscn" id="1_iektr"]
[ext_resource type="PackedScene" uid="uid://be1nsbcipwe44" path="res://player.tscn" id="2_tjp8u"]
[ext_resource type="AudioStream" uid="uid://3888qdr7wrwn" path="res://audio/Punch.mp3" id="2_vtln1"]
[ext_resource type="AudioStream" uid="uid://cjy0qimvkpn3w" path="res://audio/Lena5.mp3" id="3_t38fo"]
[ext_resource type="PackedScene" uid="uid://ew76xgg6uiu" path="res://countess_lockpicking_dress.tscn" id="4_0503l"]
[ext_resource type="PackedScene" uid="uid://082rgmto1mon" path="res://objects.tscn" id="4_vypmj"]
[ext_resource type="PackedScene" uid="uid://ch7lfvfup1r3d" path="res://UI.tscn" id="5_3od5a"]
[ext_resource type="Script" path="res://objects.gd" id="6_jj2ed"]
[ext_resource type="PackedScene" uid="uid://dhml57ffwa4iu" path="res://GameManager.tscn" id="8_130yo"]
[ext_resource type="PackedScene" uid="uid://da5e5spud2jvw" path="res://camera_3d.tscn" id="8_eh1c4"]
[ext_resource type="AudioStream" uid="uid://c73kkv1fndqa7" path="res://audio/Kick.mp3" id="10_8qsej"]

[sub_resource type="Environment" id="Environment_6gimq"]

[node name="main" type="Node3D"]

[node name="Rooms" parent="." instance=ExtResource("1_iektr")]
transform = Transform3D(1, 0, 0, 0, 1, 0, 0, 0, 1, -0.00271797, -0.00320196, -0.000750542)

[node name="Room02" parent="Rooms" index="1"]
attack_sound = ExtResource("2_vtln1")
win_sound = ExtResource("3_t38fo")

[node name="countFallingDying" parent="Rooms/Room02" index="2"]
transform = Transform3D(-0.127117, 0, -0.991888, 0, 1, 0, 0.991888, 0, -0.127117, 3.738, 1.09885, 9.10704)

[node name="PlayerCutsceneStrike" parent="Rooms/Room02" index="3"]
transform = Transform3D(0.19906, 0, 0.979987, 0, 1, 0, -0.979987, 0, 0.19906, 2.98498, 1.08041, 9.17122)

[node name="countessLockpickingDress2" parent="Rooms/Room02" index="4" instance=ExtResource("4_0503l")]
process_mode = 1
transform = Transform3D(-0.209311, 0, -0.977849, 0, 1, 0, 0.977849, 0, -0.209311, 4.72199, 1.43038, 5.39269)
script = null

[node name="gardenScene" parent="Rooms" index="3"]
transform = Transform3D(-1.31134e-08, 0, 0.3, 0, 0.3, 0, -0.3, 0, -1.31134e-08, 11.3925, -1.24064, 0)

[node name="Player" parent="." instance=ExtResource("2_tjp8u")]
transform = Transform3D(1, 0, 0, 0, 1, 0, 0, 0, 1, 0, 0.691039, 0)

[node name="Objects" parent="." instance=ExtResource("4_vypmj")]
script = ExtResource("6_jj2ed")

[node name="UI" parent="." node_paths=PackedStringArray("game_manager") instance=ExtResource("5_3od5a")]
game_manager = NodePath("../GameManager")

[node name="WorldEnvironment" type="WorldEnvironment" parent="."]
environment = SubResource("Environment_6gimq")

[node name="DirectionalLight3D" type="DirectionalLight3D" parent="."]
transform = Transform3D(-0.573577, 0.79124, -0.212012, 0, 0.258819, 0.965926, 0.819152, 0.554032, -0.148453, 0, 20, 0)
light_energy = 0.5
shadow_enabled = true

[node name="GameManager" parent="." node_paths=PackedStringArray("parentRoom") instance=ExtResource("8_130yo")]
alwaysOn = null
attack_sound = ExtResource("10_8qsej")
parentRoom = NodePath("../Rooms")

[node name="Camera" parent="." instance=ExtResource("8_eh1c4")]
transform = Transform3D(0.00557518, -0.131199, 0.99134, 0.141385, 0.981501, 0.129102, -0.989939, 0.139441, 0.0240216, 0, -1.08626, 13.9348)

[editable path="Rooms"]
[editable path="Rooms/Room02"]
[editable path="Rooms/Room02/countFallingDying"]
